114 111111111111111111111111111111111111 1111.

9111111111, 111 1111111111 111 1111111110) 111 1111111111 111111. (ma

161111. 21111. 20. 13.)
’11111 1611. 8. Ι..
* Quod qui 1111 111111 οι fide, 1111111111 111. 111. 14. . 2

1011. 10. 11114.

. 25. 1111111111 11111111) 1111111 111111 111 13
1111 1111111111 11111111. 1111 [111111 31111ΙΙ
111111111111111111. 1

21111 111 51111, 111 111) 111 111 11111111 111111111111111111
[dum 1111111111 1111111111 1111 [1111111. 1111111 1111111111 m
11 111 1111111 11111111. 1111 11111111 1111 1111111111, 11111111 μβ
gu 1111111 11111 111 1111111111 11111 111111 11111. &a 11 111 , ·’
..11 11..
1111111111 111 11111111 111111 111 1111111111 11111111. 6111111111·
111 11111111 11111 1111111111111111 1111111111 11111111, be
11 111 1111 1111111 11121111 1111111 1111111111111111 111

obet 1111111111)
1111. 5. 111. 1. 111. 12. Ἦ

26.1111111111111111)11 11111111. ¹ i

6111111111111 111 11111111 111 6111. 111 1111 W
111111111111.111111111112111111111 1111111 1111111111 ¹
111111. 111 1111 1111111 1111111111, 1111 11111 111 1111111111ἱ “
1111111111, 11111111 111 111111. 1111 1111111111 1111 111111, 111 11
Sene, 111 111111111 111 1111111 111 1111111111 111 11111111), 11 111
11111 (111111 11111 111 1111111. 111111 111 1111111111. 1111 1111 w
11111111 111111111111111111 1111111151) 11111111 111 1111111,11111
11111111111111111111111 11111 1111 11 111 1111111, 1111) 111111 11111
11111111 111 1111111 1111111) 1111111111. 111 1111111 111 11 1111111111
111111. 111 111 [1111111111 1111111111, 1111111111 11111111111151) 1111,
11111. 111111 11111111 111 1111111111 111111, 111 1111 1111111 1 ’
11111111 1111111111111111111,111 111111 11 111 11111111 111111Ι

1111111111 111 11111111 111 1111111111 1111111111 11111111 11111111, 11111

11 111 1111111 111 11111111 111111 111111.

(111117. 2 111111. 19. Ro. 13. 11111. 22. 1182 1111111
1111124. 1111. 111 22. 111. 3. 6. icor. 9. 1111111115.
Act. 4. 6. 11111115. 101116.

111111111111111111111 111 1111 1ιί1 11111111 1111111111*
111 11911111. 1111111111 1111111111111 1111111111, 1111111111 111111
111 1111111111 11111111.1111111111 111 1111111 111 11111111. 11111

50) 118. ’1111111111 1111111111. 11))Μ8. Tun: 1111111. 52) MS. 'M
111 ..11111111111111111 1111 1111111111. 11111111 111. 54) m
1111111 1111111111,11111 1111. 55) 1111111. per errorem 1111111111
1111111111,.11111111”1 111 ..1111111111 1111111111 bitom
11111111 11111 1111111111· .

 

